4.460	27.370
8.680	31.000
11.470	32.120
8.890	33.710
8.760	33.720
15.480	33.890
20.430	36.300
19.630	37.170
18.140	37.650
16.810	38.320
21.140	39.390
19.380	39.690
13.370	41.010
37.250	41.800
35.870	42.260
34.750	42.580
30.490	43.010
14.950	43.350
22.970	43.510
37.210	44.080
39.370	46.530
37.160	47.390
38.140	50.300
42.550	51.210
38.690	52.720
36.710	56.680
74.030	76.830
73.410	77.100
79.690	81.290
84.610	87.650
84.360	89.760
86.610	94.890
89.280	96.150
90.360	98.370
88.400	99.080
95.020	103.210
91.320	104.720
96.010	104.920
98.550	106.460
99.170	110.470
102.230	112.550
106.400	116.160
107.600	116.530
105.520	120.140
111.210	121.570
113.050	122.300
114.360	124.440
114.000	126.450
120.310	130.270
116.900	131.750
124.220	135.430
114.920	136.570
120.760	136.660
116.640	137.100
133.050	138.490
134.560	139.670
136.360	140.400
124.750	140.840
137.710	141.820
132.010	143.150
135.830	145.080
143.100	145.710
142.990	148.110
131.010	148.560
129.260	149.100
136.690	149.310
145.550	150.500
147.400	150.630
141.600	152.330
155.110	155.800
150.800	158.570
151.100	159.740
158.620	161.010
153.140	162.920
158.460	162.940
154.650	163.080
153.050	163.520
155.480	164.730
166.210	167.470
162.830	168.870
162.430	168.980
159.680	169.860
167.000	170.250
163.170	171.940
171.480	173.730
169.490	174.580
169.760	174.680
171.360	175.260
168.800	176.110
168.850	176.830
177.840	178.860
175.900	180.160
175.940	180.420
178.260	183.570
181.190	185.010
183.630	185.320
182.870	185.640
183.570	187.980
180.660	190.120
190.440	192.300
190.210	193.900
190.490	194.330
180.900	195.480
191.090	196.090
192.450	196.500
194.560	198.520
195.150	198.840
177.810	202.960
194.390	203.210
196.040	204.020
200.030	205.540
195.190	206.160
198.110	206.830
203.350	210.230
208.190	210.720
205.360	211.680
209.940	212.290
212.760	217.120
213.450	218.250
213.300	221.270
210.850	222.420
214.300	222.940
211.220	223.660
218.720	224.280
217.460	224.300
219.430	225.500
220.460	228.120
217.270	229.760
220.680	230.200
227.810	231.520
227.030	231.710
225.700	231.870
225.270	233.790
229.610	234.330
229.310	235.560
229.360	237.720
229.010	237.860
232.200	237.970
231.190	238.210
229.230	239.400
229.750	242.620
241.950	242.850
227.840	243.870
238.060	244.610
249.390	253.910
249.770	257.150
252.300	257.410
251.020	258.140
253.700	258.580
258.190	259.680
250.610	259.840
256.000	260.300
257.770	261.580
261.030	263.740
260.060	263.990
258.980	265.800
260.860	266.700
262.870	267.290
263.410	267.350
260.110	268.690
263.260	269.840
263.700	270.300
260.050	270.510
268.710	271.490
264.080	272.370
264.430	272.420
265.480	273.900
266.900	276.960
266.370	277.470
268.370	280.100
272.100	280.580
276.810	282.380
278.670	284.790
280.500	285.900
282.590	286.320
281.820	286.730
281.740	286.920
279.480	288.060
283.940	288.920
284.080	289.430
286.400	291.960
288.100	292.990
287.050	295.410
283.650	296.500
293.080	297.290
291.730	300.080
300.140	302.340
293.570	304.050
301.940	305.460
299.440	305.610
300.110	306.170
301.790	306.440
306.670	308.200
302.460	309.360
308.310	310.730
305.080	311.270
309.260	314.480
306.690	316.270
309.590	316.430
312.120	316.620
310.970	317.400
310.860	317.440
307.550	317.560
316.140	318.740
316.030	322.510
318.460	322.690
320.380	325.530
311.450	325.910
318.150	326.300
321.270	326.360
319.670	326.920
324.180	327.900
323.270	327.910
327.200	330.180
324.490	330.250
324.370	332.060
328.660	333.320
323.990	333.440
334.980	339.420
333.250	340.930
338.670	341.790
340.510	343.790
336.520	345.000
342.990	346.450
342.120	346.710
334.940	346.830
341.490	350.250
345.730	350.250
346.800	352.120
345.280	353.890
347.730	354.170
352.150	355.150
354.480	356.690
358.320	359.250
361.780	364.560
360.900	364.690
363.170	366.890
363.970	367.830
362.740	367.870
361.400	368.320
369.170	371.600
365.590	372.130
370.430	375.070
373.000	375.140
372.860	375.350
383.340	386.260
382.570	386.700
383.570	387.730
383.440	388.640
382.340	389.970
386.800	394.470
373.630	398.210
395.390	400.810
394.890	401.950
394.690	402.010
398.990	402.460
397.360	403.740
393.200	404.470
395.770	404.890
402.160	404.990
400.880	405.940
399.820	406.760
401.050	406.790
408.450	409.160
406.440	409.580
409.630	413.030
408.590	415.580
411.850	415.880
415.070	420.050
417.690	420.410
415.950	420.910
411.430	422.410
418.430	423.320
426.040	430.220
429.440	433.380
430.490	433.570
429.660	434.800
431.820	436.340
430.530	438.240
435.150	438.540
428.220	438.570
434.870	439.380
437.850	439.430
437.110	442.070
436.170	442.580
445.310	446.580
443.560	448.470
446.220	448.990
439.620	450.960
450.890	457.310
451.460	457.420
453.420	459.180
459.730	461.790
454.950	462.300
462.220	465.160
460.090	465.970
463.790	466.290
461.480	466.680
457.000	467.350
469.190	472.030
470.650	475.680
473.320	476.080
470.630	476.870
471.540	479.430
476.390	481.660
477.890	483.210
480.330	486.260
486.300	486.680
480.310	489.540
487.630	490.210
484.430	492.530
491.000	498.640
494.240	500.680
496.660	503.690
498.740	505.640
494.090	506.490
501.010	506.740
499.060	506.930
502.570	510.590
505.110	510.870
506.460	512.320
502.270	512.490
504.900	514.670
507.270	515.360
507.690	518.810
509.780	519.460
510.110	519.640
508.880	520.910
514.970	522.760
516.030	524.260
520.150	524.690
518.620	524.970
523.110	527.810
524.710	532.010
515.080	533.570
525.290	534.000
526.890	535.990
522.160	536.910
526.730	538.450
525.730	538.670
528.890	541.170
531.140	542.110
533.330	542.370
529.160	545.890
535.680	547.050
542.780	547.870
526.770	549.750
541.200	549.830
541.890	551.320
540.740	552.060
534.070	553.130
543.280	554.340
544.450	555.630
537.890	556.210
540.950	557.670
549.320	557.970
549.970	558.330
555.520	558.800
551.760	559.140
543.290	559.190
551.070	560.700
558.490	561.830
552.600	562.130
557.550	562.540
556.050	563.090
563.220	566.840
563.110	567.460
559.590	568.350
566.220	569.090
569.970	572.160
567.700	573.170
572.190	575.550
565.700	576.670
571.480	579.360
577.090	579.930
574.810	581.620
574.950	583.980
580.890	584.780
583.170	584.980
578.170	585.920
586.750	589.550
585.500	590.980
585.120	594.210
586.370	594.320
576.380	595.340
584.590	596.350
594.340	596.800
595.670	600.260
595.020	600.410
596.220	600.450
591.730	600.620
596.340	601.060
597.210	602.360
591.900	602.570
598.300	603.550
597.470	604.430
598.790	604.650
587.210	606.210
602.000	607.130
605.640	608.730
607.930	612.550
611.720	614.130
613.120	616.900
612.430	616.960
616.040	618.410
614.740	619.470
606.470	620.890
618.300	621.130
612.820	621.350
612.280	622.310
621.040	622.580
618.680	624.670
622.470	627.190
615.410	627.560
625.680	631.170
626.280	631.650
629.290	634.120
633.010	638.100
635.680	639.860
634.010	641.050
623.200	644.420
643.860	649.130
639.930	650.650
646.770	651.930
641.870	656.290
650.690	656.770
652.690	659.580
658.210	664.350
658.700	668.110
661.680	669.280
663.050	669.660
662.330	670.380
668.460	673.640
660.090	674.670
667.840	676.650
663.320	678.320
672.870	682.130
669.380	682.510
672.580	683.970
677.490	688.350
677.680	689.650
678.340	690.360
685.620	691.730
677.720	692.810
678.980	694.890
687.670	695.430
682.550	696.350
688.490	698.320
690.000	699.040
693.270	699.730
689.610	702.150
695.200	702.530
693.750	702.760
692.560	703.040
695.430	704.450
700.380	708.810
700.050	709.490
701.570	709.980
695.970	710.560
699.830	710.970
699.690	711.350
700.790	714.580
702.980	714.810
702.580	715.240
701.980	715.870
704.720	716.630
703.370	716.900
705.980	717.910
705.310	720.060
711.100	720.880
708.160	721.560
708.070	721.890
711.900	723.470
714.060	723.960
715.320	725.650
714.260	726.730
722.020	726.890
717.990	727.010
720.670	727.080
722.740	727.410
708.380	729.670
718.580	730.550
731.930	733.350
732.850	737.750
731.220	739.550
734.770	740.670
737.370	740.750
734.230	741.670
739.940	743.560
738.670	747.520
741.040	753.560
753.460	757.970
756.090	759.980
757.720	761.760
747.030	762.250
758.780	762.410
756.960	762.670
758.850	764.310
759.010	766.220
766.850	769.370
766.650	774.870
772.440	775.620
770.810	778.690
776.590	779.380
779.040	781.720
775.960	785.090
776.070	785.360
779.660	786.120
778.870	786.410
778.880	787.050
781.740	788.280
786.960	789.630
780.160	790.860
781.880	791.210
779.930	791.240
788.530	792.230
788.460	793.730
794.510	796.590
792.190	796.620
794.300	797.440
795.600	798.920
793.130	798.970
795.920	801.500
791.800	801.500
795.510	804.830
803.030	805.110
799.500	806.650
801.970	808.530
804.670	808.610
809.220	812.240
807.650	813.320
809.380	815.420
809.040	817.090
807.870	817.930
808.840	817.940
809.800	818.210
810.150	820.270
810.830	820.370
815.010	820.670
809.720	822.030
820.170	822.190
812.220	826.060
821.180	826.210
824.740	826.430
825.150	830.020
818.360	830.310
827.580	831.280
824.990	832.580
829.330	832.600
830.010	835.910
830.510	837.190
831.320	837.750
832.120	840.240
835.130	841.640
832.850	842.390
828.990	842.870
839.600	847.100
838.690	847.840
842.150	848.920
848.710	849.950
840.080	850.440
837.510	850.500
848.340	856.200
850.440	856.860
853.690	857.200
854.880	857.360
855.200	860.390
852.160	860.730
855.510	861.920
858.230	862.470
853.730	864.330
859.630	867.180
856.750	868.570
863.300	869.250
864.290	869.410
866.400	870.330
861.570	871.730
864.220	876.120
868.870	877.740
872.750	879.050
871.450	879.950
873.280	881.010
875.840	881.150
874.720	882.340
872.810	882.710
873.120	886.200
876.130	893.550
890.210	893.670
886.040	895.090
893.510	896.910
890.700	897.860
895.230	899.730
891.030	900.130
880.590	900.720
889.320	901.160
895.690	901.540
899.010	901.570
901.740	906.230
900.970	907.270
905.970	907.680
900.210	908.160
904.430	908.950
906.160	910.140
907.890	910.600
903.560	910.800
911.790	913.130
908.340	915.260
913.810	915.370
914.520	916.140
912.710	917.270
915.580	918.150
912.130	918.530
919.260	926.810
919.580	927.040
921.690	927.920
925.580	927.930
927.300	929.040
926.430	931.020
927.910	933.240
929.550	934.350
923.380	934.350
929.250	937.140
930.470	937.320
930.770	937.870
932.900	939.210
928.830	940.090
933.430	942.730
937.840	944.140
931.680	944.640
941.110	945.770
933.700	947.430
939.570	949.360
935.030	949.630
944.200	951.950
946.700	952.300
946.370	953.350
949.800	954.300
938.200	954.310
949.290	956.210
949.820	956.410
953.060	958.180
945.840	958.650
952.740	960.600
954.150	962.140
953.600	965.310
958.620	966.250
956.410	966.450
954.570	968.210
957.840	969.110
957.010	969.220
964.210	971.360
961.210	972.840
961.180	972.970
962.650	975.200
966.250	975.500
962.880	976.350
964.980	976.730
962.450	976.790
969.760	978.540
972.220	979.050
964.880	979.250
971.240	982.110
978.290	985.350
983.580	985.840
978.800	986.150
974.520	986.220
978.060	991.600
987.300	991.620
987.620	994.120
989.360	994.740
992.320	996.580
996.390	998.470
997.110	999.070
997.200	1000.440
996.770	1001.040
995.330	1001.040
993.600	1002.360
998.770	1002.920
1000.370	1004.810
1001.080	1007.810
998.980	1009.690
1009.240	1011.120
1006.930	1011.710
1009.950	1014.040
1007.640	1014.370
1008.560	1015.020
1001.900	1016.480
1011.040	1017.540
1013.470	1017.980
1009.590	1019.780
1017.770	1019.950
1013.610	1020.160
1019.370	1023.540
1019.450	1024.290
1024.130	1026.480
1022.960	1027.970
1021.930	1028.110
1023.110	1028.460
1030.340	1032.600
1021.200	1034.810
1027.360	1035.140
1033.560	1035.200
1032.630	1035.390
1025.180	1037.290
1034.530	1037.800
1028.600	1038.840
1032.230	1038.840
1033.980	1038.890
1032.590	1040.850
1035.630	1041.550
1037.000	1042.060
1033.760	1042.840
1042.560	1046.300
1038.480	1047.050
1045.590	1048.240
1044.010	1048.530
1047.160	1050.120
1048.700	1052.340
1049.620	1053.550
1046.410	1054.580
1042.710	1054.740
1046.630	1056.120
1043.880	1058.730
1054.380	1059.740
1054.970	1062.690
1058.630	1063.720
1053.750	1063.810
1060.120	1065.010
1059.960	1066.100
1062.310	1067.040
1062.960	1067.440
1067.170	1070.260
1068.610	1072.490
1075.190	1079.830
1070.940	1079.920
1080.700	1083.750
1080.110	1083.880
1083.310	1084.520
1083.300	1084.650
1080.070	1085.450
1074.170	1086.630
1084.900	1088.730
1095.060	1100.400
1096.850	1102.930
1100.900	1104.290
1099.680	1105.830
1103.060	1107.180
1103.840	1107.600
1106.390	1108.020
1099.790	1108.340
1106.070	1108.670
1107.670	1110.570
1102.240	1111.180
1106.320	1113.330
1116.630	1119.620
1112.520	1119.760
1115.030	1121.430
1117.130	1122.630
1123.160	1127.880
1126.380	1129.790
1120.480	1131.000
1130.720	1131.730
1130.550	1133.340
1120.540	1133.360
1120.940	1134.140
1127.120	1136.770
1132.800	1140.480
1132.120	1140.610
1133.550	1142.380
1132.020	1142.400
1132.810	1143.510
1132.500	1143.610
1138.710	1144.710
1135.010	1147.440
1137.640	1147.500
1136.520	1147.730
1143.960	1149.350
1134.540	1149.810
1139.450	1149.960
1150.710	1152.320
1136.600	1152.530
1142.970	1152.600
1144.840	1153.130
1151.920	1155.510
1145.510	1155.870
1143.160	1157.210
1152.960	1157.310
1154.610	1158.750
1158.920	1163.040
1164.240	1166.320
1153.790	1166.350
1162.700	1167.280
1165.090	1169.520
1162.950	1170.500
1164.440	1172.220
1161.210	1172.660
1166.830	1174.770
1165.060	1177.320
1173.700	1178.710
1175.310	1179.010
1172.250	1179.440
1177.030	1181.430
1177.820	1181.750
1174.900	1182.230
1178.270	1182.300
1176.140	1184.260
1180.600	1185.530
1178.620	1187.510
1184.950	1189.170
1187.410	1189.370
1191.970	1194.090
1189.350	1195.540
1188.800	1196.240
1188.840	1199.980
1199.440	1203.090
1197.110	1203.280
1198.240	1205.420
1203.940	1206.210
1201.510	1206.490
1201.100	1207.240
1207.500	1211.850
1206.620	1212.590
1210.220	1212.670
1209.060	1213.960
1212.190	1215.520
1211.310	1220.410
1218.540	1220.990
1203.290	1221.030
1216.530	1221.460
1219.320	1221.770
1220.330	1226.450
1223.590	1229.200
1225.550	1230.290
1227.060	1233.090
1233.100	1239.140
1234.500	1240.250
1235.370	1242.060
1231.800	1243.270
1231.620	1244.490
1240.090	1246.790
1245.690	1249.050
1244.980	1252.920
1247.060	1253.270
1250.830	1253.700
1251.470	1255.650
1253.760	1256.980
1249.130	1259.310
1254.370	1260.860
1257.660	1261.790
1265.710	1268.160
1256.160	1268.630
1254.600	1269.690
1258.410	1269.900
1272.290	1273.690
1268.070	1273.850
1259.400	1274.880
1274.240	1279.810
1273.500	1281.450
1268.820	1282.580
1281.160	1285.700
1282.750	1287.130
1275.730	1287.140
1284.320	1287.410
1285.110	1289.200
1286.150	1290.020
1277.920	1291.350
1285.050	1293.220
1290.220	1294.860
1292.190	1299.060
1290.860	1299.530
1297.480	1299.900
1285.980	1301.710
1294.360	1303.380
1296.920	1304.620
1297.600	1304.990
1298.910	1306.220
1294.080	1306.890
1304.080	1311.200
1304.220	1312.200
1299.650	1312.230
1303.240	1313.140
1304.290	1313.980
1307.050	1314.870
1304.250	1315.360
1305.260	1315.740
1316.930	1318.200
1307.130	1318.480
1311.890	1318.660
1307.700	1318.980
1319.900	1321.890
1322.580	1326.320
1321.360	1327.080
1324.290	1327.190
1325.070	1329.480
1308.630	1330.120
1324.550	1330.590
1328.800	1331.290
1322.940	1331.520
1327.600	1333.130
1331.540	1333.990
1330.650	1334.540
1333.010	1336.690
1334.230	1339.320
1332.010	1341.310
1334.630	1342.800
1343.260	1346.250
1343.660	1346.370
1337.300	1347.450
1347.870	1349.540
1342.970	1349.660
1348.230	1351.680
1346.040	1352.220
1349.490	1353.400
1355.250	1357.060
1352.720	1357.930
1355.000	1358.020
1356.900	1358.880
1353.980	1360.050
1357.540	1360.690
1355.990	1362.300
1349.880	1365.170
1357.820	1365.700
1363.560	1367.000
1359.860	1368.400
1367.570	1371.460
1358.140	1372.830
1366.210	1375.830
1370.010	1377.530
1369.810	1377.960
